6.753746271133422852e-01 6.690713167190551758e-01 6.572778224945068359e-01 6.493068933486938477e-01
6.358694434165954590e-01 6.219268441200256348e-01 6.064766645431518555e-01 5.951653122901916504e-01
5.798857212066650391e-01 5.673975944519042969e-01 5.521404743194580078e-01 5.461427569389343262e-01
5.324686765670776367e-01 5.220656991004943848e-01 5.114723443984985352e-01 5.061005353927612305e-01
4.979447722434997559e-01 4.920563101768493652e-01 4.832735955715179443e-01 4.815279841423034668e-01
4.757066667079925537e-01 4.718294143676757812e-01 4.642250537872314453e-01 4.676502645015716553e-01
4.641065597534179688e-01 4.582148194313049316e-01 4.583991467952728271e-01 4.604243636131286621e-01
4.555678367614746094e-01 4.533515274524688721e-01 4.541205167770385742e-01 4.582563340663909912e-01
4.526343345642089844e-01 4.568533003330230713e-01 4.538497924804687500e-01 4.596288204193115234e-01
4.568490386009216309e-01 4.597087502479553223e-01 4.608104526996612549e-01 4.623492062091827393e-01
