5.999037623405456543e-01 5.952434539794921875e-01 5.917456746101379395e-01 5.753973722457885742e-01
5.732359886169433594e-01 5.661906003952026367e-01 5.611048936843872070e-01 5.495243668556213379e-01
5.428780317306518555e-01 5.340312719345092773e-01 5.247961282730102539e-01 5.182286500930786133e-01
5.060332417488098145e-01 5.050045251846313477e-01 4.966770112514495850e-01 4.956669211387634277e-01
4.910410642623901367e-01 4.854628443717956543e-01 4.813190102577209473e-01 4.809727668762207031e-01
4.740899205207824707e-01 4.723556041717529297e-01 4.735651016235351562e-01 4.705748558044433594e-01
4.703320562839508057e-01 4.642357230186462402e-01 4.764144420623779297e-01 4.698343873023986816e-01
4.695046544075012207e-01 4.688117504119873047e-01 4.728723168373107910e-01 4.734658598899841309e-01
4.858348369598388672e-01 4.829221963882446289e-01 4.841997027397155762e-01 4.883942008018493652e-01
4.895157217979431152e-01 4.957577586174011230e-01 5.004031658172607422e-01 5.088587999343872070e-01
